x1 = 7.000000
x2 = 5.000000
x3 = 2.000000
